############################################ UNITED KINGDOM ############################################
Distance = 460km		Amount of routers = 10

RestDelete = [72, 59, 65, 66, 61, 64, 70, 60, 61, 60, 63, 64, 57, 58, 64, 60, 61, 60, 70, 58, 68, 58, 60, 74, 71, 59, 61, 70, 74, 61, 61, 70, 60, 61, 62, 67, 59, 72, 71, 62, 60, 59, 62, 61, 60, 58, 59, 70, 71, 61, 62, 88, 70, 99, 70, 61, 61, 59, 59, 72, 65, 57, 59, 61, 59, 59, 65, 60, 65, 56, 57, 59, 67, 61, 73, 68, 62, 70, 61, 59, 61, 59, 68, 70, 67, 59, 60, 60, 59, 61, 59, 58, 59, 57, 58, 59, 59, 74, 69, 59]
RestUpdate = [87, 77, 65, 66, 64, 87, 80, 98, 68, 77, 78, 182, 72, 62, 72, 69, 69, 103, 83, 101, 89, 101, 67, 75, 65, 62, 75, 79, 66, 64, 70, 65, 66, 62, 61, 64, 63, 65, 63, 62, 70, 69, 69, 66, 63, 69, 67, 67, 65, 90, 63, 63, 67, 61, 63, 64, 79, 72, 64, 70, 75, 67, 67, 66, 65, 65, 62, 63, 71, 80, 65, 72, 75, 67, 73, 70, 70, 70, 64, 64, 70, 60, 64, 70, 67, 77, 67, 66, 73, 83, 83, 68, 63, 75, 68, 63, 69, 73, 74, 68]
RestAdd = [63, 70, 65, 78, 64, 64, 69, 79, 64, 62, 62, 67, 77, 75, 71, 76, 72, 72, 74, 71, 71, 73, 74, 73, 76, 78, 72, 74, 69, 68, 63, 77, 75, 61, 65, 76, 72, 73, 74, 69, 72, 73, 63, 74, 69, 81, 79, 72, 75, 73, 76, 74, 77, 71, 74, 74, 80, 71, 74, 73, 68, 71, 60, 65, 61, 71, 73, 72, 63, 76, 78, 70, 63, 73, 78, 68, 74, 60, 64, 61, 63, 63, 64, 63, 64, 61, 61, 65, 66, 65, 63, 79, 72, 83, 59, 60, 61, 61, 63, 64]
RestGet = [163, 85, 122, 86, 97, 116, 77, 83, 79, 94, 109, 96, 86, 82, 85, 78, 74, 72, 86, 89, 74, 108, 83, 99, 93, 82, 94, 77, 87, 87, 74, 90, 90, 101, 101, 91, 82, 92, 78, 78, 79, 89, 82, 91, 166, 102, 153, 242, 1103, 87, 79, 90, 81, 92, 86, 124, 110, 73, 74, 75, 87, 77, 79, 159, 118, 79, 90, 76, 92, 91, 87, 198, 145, 87, 109, 86, 81, 91, 103, 93, 92, 83, 79, 95, 169, 105, 95, 83, 91, 84, 97, 92, 87, 111, 85, 78, 78, 87, 74, 75]
RestDeleteRpc = [71, 59, 74, 57, 59, 73, 72, 68, 73, 64, 59, 66, 82, 61, 58, 62, 61, 64, 69, 60, 65, 70, 59, 59, 63, 59, 58, 78, 75, 68, 64, 63, 62, 78, 70, 61, 61, 59, 58, 62, 71, 87, 72, 57, 68, 58, 60, 67, 89, 61, 73, 71, 68, 58, 57, 63, 71, 61, 62, 71, 66, 56, 60, 81, 66, 71, 69, 69, 68, 59, 62, 70, 69, 67, 77, 70, 67, 79, 65, 59, 69, 135, 68, 61, 70, 74, 71, 70, 70, 71, 61, 100, 105, 70, 73, 70, 71, 67, 64, 68]
RestUpdateRpc = [73, 76, 62, 87, 65, 78, 64, 62, 77, 63, 65, 66, 62, 67, 61, 67, 62, 61, 81, 65, 58, 62, 59, 59, 62, 58, 61, 59, 60, 71, 66, 69, 75, 63, 72, 66, 73, 66, 64, 62, 63, 61, 66, 61, 73, 75, 80, 67, 72, 72, 60, 66, 74, 71, 77, 72, 71, 103, 108, 75, 74, 71, 72, 75, 67, 71, 61, 61, 64, 91, 71, 79, 72, 76, 74, 60, 62, 63, 61, 60, 62, 68, 62, 62, 70, 65, 60, 68, 60, 67, 96, 69, 64, 84, 58, 65, 76, 116, 69, 65]
RestAddRpc = [91, 88, 93, 64, 61, 59, 66, 61, 68, 64, 60, 67, 69, 72, 66, 61, 62, 62, 71, 61, 61, 96, 62, 59, 59, 61, 61, 59, 62, 60, 61, 63, 60, 61, 60, 60, 60, 60, 59, 66, 76, 61, 61, 63, 59, 60, 78, 67, 110, 100, 62, 61, 69, 63, 61, 67, 62, 68, 64, 76, 71, 62, 65, 63, 67, 64, 65, 126, 62, 60, 62, 79, 63, 66, 73, 90, 61, 68, 139, 66, 63, 60, 138, 65, 62, 62, 69, 60, 62, 62, 71, 64, 63, 65, 85, 70, 70, 61, 70, 74]
RestGetRpc = [60, 62, 60, 59, 61, 62, 60, 61, 60, 62, 63, 62, 59, 64, 61, 62, 62, 67, 62, 73, 66, 60, 59, 60, 65, 67, 64, 69, 92, 80, 67, 62, 64, 70, 66, 62, 66, 67, 68, 75, 87, 68, 70, 71, 59, 81, 59, 61, 69, 69, 68, 70, 60, 58, 58, 58, 58, 61, 63, 92, 88, 58, 60, 62, 62, 71, 80, 59, 61, 63, 89, 89, 89, 74, 61, 60, 67, 60, 62, 70, 87, 61, 58, 62, 68, 74, 64, 69, 71, 62, 59, 59, 65, 71, 58, 65, 68, 70, 73, 77]
RMIAdd = [51, 54, 50, 51, 51, 50, 52, 81, 89, 75, 86, 74, 50, 52, 82, 68, 50, 53, 51, 52, 50, 53, 61, 62, 53, 54, 50, 53, 49, 53, 50, 53, 49, 49, 49, 55, 50, 51, 52, 49, 50, 49, 49, 54, 50, 56, 50, 51, 52, 52, 52, 53, 50, 54, 51, 49, 50, 52, 51, 50, 50, 52, 53, 64, 88, 73, 49, 53, 68, 88, 63, 55, 58, 49, 54, 50, 53, 60, 50, 49, 51, 53, 51, 86, 87, 51, 52, 51, 51, 50, 51, 49, 53, 51, 52, 50, 53, 70, 55, 50]
RMIGet = [55, 50, 52, 50, 54, 52, 50, 85, 74, 50, 50, 52, 51, 53, 51, 49, 50, 50, 49, 51, 51, 51, 49, 55, 51, 51, 50, 52, 48, 53, 50, 55, 50, 55, 50, 52, 49, 50, 51, 53, 53, 55, 49, 49, 50, 54, 50, 50, 50, 50, 51, 52, 57, 53, 49, 50, 49, 52, 50, 76, 76, 83, 75, 49, 78, 75, 66, 80, 50, 59, 50, 50, 50, 54, 49, 55, 49, 52, 49, 54, 49, 51, 49, 60, 50, 50, 54, 56, 50, 50, 49, 49, 49, 50, 71, 67, 51, 50, 49, 49]
SoapGet = [84, 88, 81, 82, 80, 69, 80, 90, 86, 80, 84, 81, 89, 92, 67, 97, 78, 86, 77, 81, 76, 85, 81, 95, 79, 73, 66, 66, 73, 70, 66, 77, 80, 76, 84, 69, 90, 73, 79, 87, 80, 82, 70, 76, 83, 83, 83, 103, 92, 84, 86, 76, 70, 80, 78, 81, 80, 81, 80, 84, 80, 83, 76, 74, 65, 73, 92, 80, 79, 77, 76, 84, 68, 81, 82, 77, 75, 65, 75, 70, 68, 79, 79, 78, 67, 75, 135, 81, 75, 80, 74, 77, 82, 81, 74, 87, 79, 106, 94, 101]
SoapAdd = [76, 98, 66, 93, 105, 104, 100, 82, 94, 94, 95, 94, 71, 77, 82, 121, 113, 91, 79, 86, 85, 76, 123, 65, 68, 94, 101, 68, 103, 81, 126, 74, 131, 110, 119, 92, 98, 93, 109, 65, 96, 75, 99, 79, 165, 82, 118, 115, 84, 82, 79, 121, 75, 126, 78, 94, 80, 79, 72, 86, 99, 125, 112, 87, 104, 96, 104, 98, 103, 93, 77, 92, 78, 63, 88, 80, 96, 83, 105, 82, 96, 79, 92, 69, 84, 111, 83, 83, 78, 65, 75, 84, 68, 97, 95, 81, 82, 92, 65, 81]


############################################ CANADA ############################################
Distance = 6.600km		Amount of routers = 12

RestDelete = [306, 431, 286, 329, 286, 228, 386, 409, 411, 306, 410, 307, 306, 308, 411, 307, 243, 268, 313, 404, 327, 282, 314, 306, 288, 326, 236, 276, 412, 267, 448, 306, 411, 306, 410, 231, 384, 230, 303, 285, 411, 307, 312, 302, 410, 235, 232, 353, 332, 281, 410, 410, 307, 306, 318, 400, 309, 408, 341, 272, 410, 411, 409, 411, 434, 282, 306, 307, 410, 307, 226, 388, 307, 436, 1204, 410, 307, 308, 256, 254, 426, 291, 411, 408, 411, 306, 308, 384, 347, 396, 257, 253, 308, 409, 318, 411, 295, 416, 405, 237]
RestUpdate = [332, 283, 409, 410, 409, 264, 294, 364, 322, 236, 262, 234, 233, 249, 307, 366, 261, 398, 306, 410, 275, 237, 307, 309, 409, 308, 345, 268, 307, 411, 235, 378, 409, 412, 351, 364, 409, 410, 411, 240, 265, 313, 409, 411, 250, 261, 410, 409, 307, 237, 311, 272, 268, 356, 322, 284, 408, 307, 319, 231, 373, 263, 351, 306, 309, 275, 339, 306, 235, 379, 635, 402, 270, 264, 272, 235, 253, 314, 250, 231, 356, 330, 275, 317, 324, 308, 232, 244, 254, 356, 330, 409, 411, 306, 409, 308, 320, 232, 369, 477]
RestAdd = [245, 302, 321, 399, 407, 250, 262, 268, 243, 310, 241, 281, 239, 363, 410, 321, 271, 285, 235, 364, 247, 246, 284, 307, 410, 410, 248, 264, 241, 270, 355, 364, 305, 317, 400, 309, 242, 371, 513, 306, 267, 245, 318, 232, 231, 227, 428, 339, 233, 363, 396, 234, 275, 363, 264, 399, 306, 421, 398, 307, 241, 386, 295, 307, 410, 307, 307, 416, 301, 409, 410, 513, 306, 308, 416, 301, 312, 302, 420, 296, 307, 308, 410, 309, 408, 415, 301, 302, 323, 237, 367, 322, 418, 387, 409, 318, 296, 411, 257, 255]
RestGet = [358, 307, 306, 307, 309, 307, 264, 348, 309, 273, 291, 287, 255, 263, 268, 249, 272, 299, 306, 308, 248, 264, 245, 267, 307, 309, 272, 318, 274, 293, 377, 307, 308, 307, 307, 307, 266, 349, 527, 290, 309, 244, 268, 276, 339, 307, 307, 307, 317, 298, 307, 308, 306, 307, 308, 309, 271, 266, 384, 306, 308, 306, 307, 314, 262, 346, 307, 307, 308, 267, 347, 319, 296, 300, 313, 308, 307, 319, 268, 351, 292, 306, 307, 307, 308, 306, 308, 307, 307, 270, 294, 255, 309, 306, 308, 306, 307, 290, 325, 307]
RestDeleteRpc = [244, 240, 310, 232, 253, 238, 303, 294, 314, 301, 307, 242, 270, 307, 363, 253, 293, 331, 232, 372, 419, 246, 256, 317, 298, 240, 227, 225, 229, 267, 353, 424, 287, 410, 410, 409, 409, 404, 237, 388, 406, 306, 307, 308, 411, 236, 274, 307, 414, 250, 259, 409, 411, 315, 411, 318, 287, 335, 381, 316, 400, 410, 307, 417, 299, 410, 299, 242, 278, 410, 363, 276, 283, 409, 411, 409, 409, 239, 377, 306, 307, 409, 308, 419, 305, 300, 307, 308, 306, 271, 350, 301, 307, 513, 306, 410, 415, 302, 307, 409]
RestUpdateRpc = [411, 306, 307, 410, 231, 233, 231, 339, 399, 308, 307, 410, 308, 295, 230, 293, 416, 403, 307, 308, 307, 409, 410, 307, 233, 381, 307, 411, 306, 307, 410, 308, 410, 328, 286, 306, 238, 377, 317, 235, 267, 410, 307, 409, 307, 308, 409, 410, 408, 309, 230, 282, 410, 410, 242, 269, 410, 308, 272, 282, 264, 309, 408, 307, 410, 410, 316, 308, 399, 308, 308, 306, 512, 307, 307, 409, 410, 410, 335, 279, 412, 305, 403, 234, 238, 235, 426, 231, 383, 307, 410, 307, 410, 238, 243, 245, 244, 230, 337, 306]
RestAddRpc = [229, 283, 307, 409, 231, 384, 308, 330, 272, 318, 410, 307, 307, 411, 306, 410, 409, 231, 282, 307, 307, 307, 411, 306, 410, 425, 292, 332, 231, 374, 291, 324, 394, 306, 424, 395, 278, 227, 315, 410, 409, 410, 307, 452, 366, 308, 410, 307, 307, 410, 307, 513, 233, 289, 233, 269, 306, 323, 291, 241, 374, 450, 267, 329, 233, 237, 241, 394, 306, 307, 308, 317, 263, 229, 317, 410, 410, 307, 306, 308, 431, 286, 410, 316, 298, 243, 253, 426, 237, 275, 317, 297, 307, 410, 306, 249, 263, 320, 274, 262]
RestGetRpc = [412, 323, 294, 405, 407, 310, 409, 410, 410, 409, 307, 317, 297, 410, 410, 409, 307, 325, 392, 250, 364, 308, 319, 398, 308, 306, 527, 303, 298, 307, 306, 229, 385, 410, 308, 345, 371, 411, 247, 264, 306, 321, 295, 306, 308, 424, 265, 231, 236, 388, 234, 234, 343, 409, 410, 410, 231, 281, 409, 317, 297, 411, 311, 425, 288, 231, 382, 410, 411, 306, 409, 415, 439, 260, 320, 409, 411, 306, 307, 230, 283, 426, 236, 362, 411, 331, 282, 409, 411, 313, 403, 410, 267, 244, 410, 409, 308, 307, 411, 408]
RMIAdd = [263, 409, 318, 297, 409, 410, 410, 422, 397, 409, 291, 338, 395, 410, 409, 410, 409, 307, 317, 305, 317, 299, 309, 297, 409, 409, 410, 409, 349, 222, 249, 308, 249, 263, 306, 410, 316, 298, 410, 409, 334, 257, 331, 306, 222, 221, 275, 319, 251, 232, 235, 294, 410, 324, 269, 259, 251, 330, 307, 409, 307, 410, 409, 320, 250, 250, 221, 291, 291, 323, 333, 233, 220, 239, 306, 307, 257, 261, 403, 409, 225, 222, 270, 411, 317, 276, 336, 400, 413, 241, 234, 239, 307, 412, 305, 384, 339, 403, 410, 409]
RMIGet = [410, 410, 430, 390, 346, 268, 344, 269, 411, 408, 342, 238, 332, 317, 410, 316, 298, 410, 314, 300, 410, 412, 313, 299, 409, 220, 293, 408, 410, 410, 409, 410, 409, 220, 292, 421, 226, 277, 335, 277, 411, 400, 323, 410, 401, 410, 410, 409, 275, 339, 410, 410, 409, 410, 410, 276, 235, 307, 513, 409, 307, 410, 326, 288, 410, 409, 315, 300, 409, 236, 276, 410, 361, 253, 307, 332, 218, 269, 410, 410, 422, 296, 314, 410, 402, 428, 326, 268, 309, 305, 316, 286, 320, 417, 404, 415, 405, 829, 322, 298]
SoapGet = [273, 351, 307, 298, 306, 410, 307, 308, 307, 251, 261, 308, 314, 300, 307, 307, 381, 233, 283, 446, 398, 307, 307, 307, 307, 307, 314, 304, 281, 260, 381, 412, 259, 349, 315, 305, 404, 307, 251, 268, 242, 365, 306, 411, 307, 306, 412, 306, 307, 308, 415, 290, 319, 286, 328, 414, 308, 316, 702, 307, 309, 307, 416, 308, 307, 260, 245, 409, 410, 308, 254, 257, 306, 313, 405, 307, 306, 308, 307, 402, 315, 245, 370, 307, 307, 306, 412, 243, 370, 255, 257, 308, 307, 307, 245, 370, 307, 307, 307, 306]
SoapAdd = [423, 316, 298, 248, 291, 383, 307, 307, 286, 328, 308, 306, 307, 410, 306, 412, 265, 284, 242, 341, 352, 265, 410, 405, 443, 276, 304, 314, 506, 397, 347, 509, 386, 448, 543, 354, 411, 504, 355, 393, 368, 408, 305, 412, 307, 334, 386, 308, 380, 332, 334, 394, 317, 302, 293, 312, 403, 322, 394, 411, 307, 306, 257, 257, 317, 297, 307, 257, 358, 307, 307, 307, 307, 307, 307, 307, 323, 299, 299, 307, 267, 347, 411, 364, 353, 307, 265, 247, 307, 311, 312, 299, 321, 293, 307, 308, 260, 252, 307, 307]


############################################ BRAZIL ############################################
Distance = 10.300km		Amount of routers = 14


RestDelete = [615, 539, 725, 578, 512, 615, 614, 615, 614, 511, 616, 614, 614, 512, 512, 614, 558, 470, 445, 470, 422, 524, 523, 581, 614, 615, 615, 510, 615, 616, 613, 513, 615, 523, 603, 614, 515, 509, 656, 470, 449, 574, 616, 628, 601, 512, 614, 615, 629, 599, 513, 613, 615, 615, 614, 616, 521, 501, 615, 614, 511, 615, 512, 614, 613, 617, 613, 513, 614, 613, 616, 512, 619, 506, 616, 511, 483, 439, 614, 511, 615, 618, 509, 549, 578, 614, 422, 498, 616, 613, 512, 615, 614, 613, 616, 614, 615, 541, 569, 434]
RestUpdate = [613, 420, 516, 601, 613, 615, 615, 614, 613, 616, 614, 515, 614, 512, 613, 614, 614, 535, 596, 610, 613, 616, 633, 431, 469, 492, 533, 614, 540, 479, 520, 508, 615, 414, 508, 615, 615, 615, 433, 518, 584, 613, 514, 514, 611, 614, 511, 615, 512, 614, 615, 515, 511, 612, 615, 716, 512, 615, 615, 512, 514, 612, 613, 619, 448, 571, 512, 514, 510, 422, 601, 416, 518, 503, 511, 612, 512, 630, 599, 514, 510, 519, 664, 559, 614, 613, 432, 592, 617, 612, 616, 615, 518, 609, 613, 614, 513, 613, 617, 514]
RestAdd = [582, 541, 614, 614, 665, 462, 537, 487, 614, 615, 614, 615, 615, 648, 579, 616, 613, 614, 664, 565, 615, 511, 568, 576, 495, 613, 616, 614, 512, 614, 615, 516, 609, 619, 615, 609, 444, 580, 614, 615, 614, 545, 582, 513, 613, 512, 614, 614, 555, 587, 599, 615, 512, 614, 624, 605, 615, 613, 615, 717, 612, 622, 516, 605, 630, 599, 614, 518, 511, 517, 607, 510, 613, 615, 512, 558, 568, 512, 512, 614, 678, 556, 643, 480, 612, 617, 613, 598, 435, 605, 616, 618, 609, 514, 612, 614, 614, 511, 616, 614]
RestGet = [613, 614, 553, 572, 616, 581, 545, 614, 615, 512, 613, 614, 551, 577, 614, 614, 615, 618, 611, 517, 507, 614, 619, 610, 614, 481, 543, 634, 595, 516, 609, 523, 617, 704, 512, 512, 617, 514, 575, 547, 614, 615, 614, 613, 614, 616, 613, 734, 597, 518, 432, 434, 464, 513, 547, 574, 516, 447, 475, 510, 483, 538, 466, 558, 530, 493, 442, 481, 512, 614, 615, 649, 580, 564, 562, 442, 581, 617, 515, 610, 511, 618, 715, 612, 614, 584, 590, 568, 614, 510, 615, 615, 544, 690, 517, 605, 616, 612, 515, 510]
RestDeleteRpc = [533, 419, 605, 614, 512, 613, 512, 523, 502, 514, 510, 574, 555, 514, 610, 614, 510, 514, 614, 512, 512, 512, 615, 640, 590, 613, 511, 557, 467, 616, 614, 716, 615, 646, 583, 613, 513, 513, 511, 604, 523, 614, 615, 614, 614, 512, 613, 616, 618, 609, 512, 615, 616, 622, 605, 614, 512, 528, 498, 618, 611, 613, 561, 507, 574, 508, 616, 614, 614, 641, 587, 425, 600, 615, 614, 615, 614, 613, 616, 616, 612, 512, 620, 509, 611, 615, 613, 616, 615, 614, 613, 616, 614, 614, 615, 511, 516, 508, 512, 512]
RestUpdateRpc = [616, 615, 512, 511, 566, 565, 610, 513, 560, 566, 613, 616, 512, 614, 617, 612, 614, 614, 538, 486, 616, 615, 612, 572, 453, 717, 452, 572, 613, 513, 614, 615, 614, 613, 548, 580, 614, 615, 616, 617, 523, 598, 512, 510, 617, 617, 611, 615, 511, 615, 615, 614, 615, 613, 512, 513, 615, 614, 433, 488, 615, 632, 503, 606, 614, 614, 573, 496, 602, 584, 612, 1546, 635, 589, 609, 533, 595, 630, 574, 504, 441, 615, 614, 614, 615, 631, 498, 511, 626, 605, 808, 724, 555, 469, 614, 574, 553, 614, 614, 615]
RestAddRpc = [639, 588, 616, 614, 615, 528, 508, 605, 612, 614, 618, 508, 613, 513, 717, 514, 613, 614, 613, 729, 624, 594, 615, 618, 610, 617, 610, 615, 614, 616, 648, 579, 616, 613, 513, 621, 505, 615, 511, 620, 632, 592, 512, 615, 614, 662, 567, 614, 510, 616, 510, 614, 513, 595, 532, 512, 618, 610, 614, 614, 615, 616, 424, 598, 492, 534, 614, 510, 416, 506, 616, 613, 615, 614, 517, 510, 445, 575, 615, 414, 415, 424, 490, 613, 529, 651, 414, 419, 546, 512, 614, 513, 531, 595, 616, 418, 550, 413, 538, 415]
RestGetRpc = [614, 613, 619, 508, 614, 514, 639, 589, 614, 511, 615, 645, 482, 615, 612, 616, 617, 611, 512, 615, 512, 512, 614, 615, 529, 597, 512, 613, 510, 514, 615, 647, 599, 602, 507, 545, 432, 563, 523, 511, 600, 615, 511, 615, 615, 614, 617, 610, 616, 615, 422, 499, 486, 503, 466, 593, 560, 464, 652, 988, 729, 500, 613, 613, 513, 729, 614, 500, 616, 611, 637, 701, 557, 564, 613, 523, 605, 565, 561, 541, 455, 540, 615, 545, 584, 613, 613, 620, 506, 617, 612, 614, 615, 614, 634, 595, 612, 617, 614, 817]
RMIAdd = [614, 512, 723, 613, 616, 608, 614, 615, 614, 531, 511, 510, 498, 517, 597, 524, 714, 622, 607, 535, 591, 536, 598, 610, 612, 614, 621, 608, 613, 616, 511, 513, 614, 614, 614, 615, 536, 594, 613, 616, 816, 718, 611, 580, 438, 620, 614, 615, 512, 512, 409, 615, 614, 614, 615, 513, 511, 614, 615, 614, 614, 615, 614, 512, 717, 615, 511, 616, 407, 410, 621, 440, 480, 611, 613, 623, 739, 458, 545, 604, 618, 611, 514, 514, 510, 510, 512, 618, 405, 616, 511, 683, 546, 621, 609, 512, 613, 631, 560, 763]
RMIGet = [504, 452, 443, 696, 560, 614, 621, 607, 615, 511, 617, 612, 464, 664, 612, 615, 614, 465, 559, 614, 615, 619, 609, 615, 511, 621, 420, 598, 512, 614, 512, 615, 614, 656, 574, 513, 717, 441, 608, 587, 619, 611, 510, 514, 510, 617, 612, 513, 614, 513, 613, 514, 541, 486, 609, 512, 614, 513, 519, 506, 615, 510, 512, 616, 615, 612, 544, 418, 573, 615, 511, 616, 511, 615, 614, 614, 624, 605, 614, 530, 699, 614, 615, 614, 512, 445, 477, 613, 616, 614, 614, 512, 615, 613, 615, 521, 503, 614, 512, 524]
SoapGet = [532, 569, 614, 616, 511, 512, 517, 439, 583, 623, 432, 494, 496, 615, 614, 512, 615, 612, 514, 614, 623, 606, 518, 609, 615, 613, 512, 615, 614, 614, 615, 614, 537, 589, 613, 615, 613, 533, 542, 566, 614, 510, 636, 494, 617, 527, 595, 433, 591, 617, 572, 551, 614, 615, 615, 614, 615, 614, 521, 504, 614, 519, 503, 523, 605, 614, 512, 615, 616, 612, 615, 614, 516, 441, 578, 616, 614, 614, 424, 604, 608, 616, 614, 615, 519, 425, 489, 512, 520, 607, 614, 430, 499, 514, 605, 428, 604, 504, 613, 616]
SoapAdd = [614, 616, 560, 565, 615, 436, 599, 536, 479, 510, 618, 622, 603, 614, 447, 577, 524, 602, 616, 612, 620, 610, 756, 472, 615, 512, 614, 615, 616, 613, 614, 615, 613, 614, 512, 617, 612, 616, 614, 512, 614, 591, 536, 526, 604, 615, 610, 614, 536, 500, 602, 615, 512, 614, 615, 614, 615, 614, 513, 614, 514, 553, 571, 516, 507, 615, 614, 436, 547, 500, 463, 512, 614, 717, 519, 607, 615, 614, 614, 643, 496, 602, 614, 615, 609, 517, 511, 616, 615, 614, 614, 615, 614, 512, 615, 522, 604, 614, 553, 574]



############################################ JAPAN ############################################
Distance = 9.400km		Amount of routers = 19


RestDelete = [615, 572, 523, 647, 613, 546, 512, 580, 545, 529, 565, 511, 512, 616, 613, 615, 614, 512, 615, 498, 641, 606, 539, 582, 615, 614, 624, 536, 581, 512, 618, 611, 664, 565, 614, 616, 613, 615, 615, 613, 614, 615, 615, 614, 545, 582, 615, 613, 615, 616, 716, 613, 512, 619, 615, 610, 615, 614, 613, 615, 614, 616, 582, 647, 614, 615, 614, 513, 612, 628, 603, 614, 511, 511, 639, 591, 613, 616, 542, 566, 634, 612, 485, 643, 613, 615, 614, 619, 610, 614, 617, 612, 614, 616, 511, 617, 714, 587, 642, 616]
RestUpdate = [631, 597, 650, 579, 613, 614, 614, 589, 647, 609, 614, 615, 510, 617, 614, 559, 567, 619, 615, 610, 612, 616, 615, 614, 558, 500, 581, 621, 606, 616, 613, 616, 615, 613, 615, 549, 577, 615, 614, 614, 552, 575, 614, 615, 614, 614, 615, 613, 616, 614, 571, 559, 614, 526, 596, 548, 583, 611, 510, 550, 578, 615, 526, 599, 547, 491, 539, 575, 614, 613, 497, 631, 613, 513, 615, 621, 608, 613, 616, 616, 611, 616, 502, 829, 615, 619, 560, 513, 559, 614, 616, 502, 538, 598, 569, 558, 614, 614, 629, 498]
RestAdd = [615, 614, 614, 512, 546, 581, 613, 485, 574, 532, 559, 615, 614, 486, 640, 615, 614, 615, 513, 613, 624, 586, 633, 615, 614, 615, 546, 581, 612, 616, 615, 615, 613, 615, 614, 614, 615, 614, 513, 589, 544, 608, 613, 615, 614, 614, 615, 512, 614, 614, 615, 557, 569, 619, 611, 614, 615, 613, 615, 566, 538, 678, 573, 614, 614, 615, 615, 614, 614, 616, 613, 549, 578, 617, 612, 614, 614, 615, 614, 615, 614, 614, 615, 563, 563, 486, 645, 610, 614, 615, 614, 623, 606, 614, 615, 615, 613, 615, 615, 614]
RestGet = [645, 584, 612, 554, 574, 614, 615, 615, 563, 561, 563, 564, 614, 616, 613, 616, 618, 609, 614, 615, 617, 613, 613, 614, 616, 613, 615, 613, 554, 574, 716, 615, 613, 616, 550, 576, 613, 507, 620, 616, 575, 652, 514, 613, 616, 613, 614, 512, 512, 620, 645, 578, 546, 586, 506, 517, 610, 616, 550, 507, 579, 528, 600, 570, 657, 617, 613, 511, 616, 614, 511, 519, 607, 557, 570, 616, 525, 601, 547, 513, 577, 523, 604, 596, 638, 603, 622, 620, 512, 504, 616, 614, 587, 643, 614, 548, 577, 718, 614, 616]
RestDeleteRpc = [495, 524, 614, 615, 614, 615, 527, 497, 615, 615, 613, 615, 614, 615, 614, 614, 615, 512, 614, 643, 586, 614, 615, 614, 666, 542, 635, 614, 615, 735, 699, 614, 621, 609, 576, 652, 616, 614, 540, 515, 582, 546, 581, 613, 615, 615, 614, 544, 582, 636, 528, 579, 613, 614, 620, 609, 543, 517, 489, 483, 513, 526, 616, 614, 614, 616, 619, 544, 577, 614, 514, 555, 571, 614, 614, 527, 600, 614, 615, 613, 614, 616, 613, 615, 512, 620, 542, 579, 590, 537, 544, 527, 567, 545, 581, 524, 611, 606, 615, 510]
RestUpdateRpc = [614, 512, 615, 502, 624, 560, 566, 615, 511, 615, 619, 611, 569, 557, 614, 640, 593, 591, 531, 546, 585, 609, 615, 512, 621, 608, 614, 615, 615, 614, 620, 506, 517, 565, 557, 607, 629, 607, 614, 513, 613, 618, 714, 614, 614, 615, 550, 577, 615, 620, 612, 610, 614, 615, 614, 615, 614, 616, 613, 619, 609, 717, 615, 545, 582, 614, 614, 608, 552, 594, 605, 611, 614, 616, 613, 614, 615, 614, 614, 615, 616, 612, 550, 577, 615, 623, 606, 614, 614, 615, 511, 615, 546, 683, 614, 514, 612, 615, 546, 588]
RestAddRpc = [607, 614, 615, 614, 615, 616, 510, 614, 615, 614, 617, 612, 614, 615, 616, 523, 606, 603, 621, 10611, 652, 615, 614, 544, 583, 615, 613, 615, 619, 610, 614, 545, 586, 610, 614, 615, 512, 614, 615, 614, 615, 511, 615, 614, 615, 615, 613, 632, 530, 582, 612, 512, 614, 512, 618, 611, 615, 614, 614, 615, 614, 551, 575, 615, 614, 615, 618, 508, 614, 615, 512, 620, 609, 549, 581, 713, 615, 614, 615, 614, 615, 613, 614, 615, 615, 614, 614, 615, 614, 614, 615, 614, 615, 615, 576, 652, 614, 615, 545, 586]
RestGetRpc = [578, 615, 512, 614, 634, 595, 614, 614, 615, 519, 615, 504, 614, 615, 614, 553, 574, 616, 492, 646, 602, 613, 615, 614, 615, 614, 614, 546, 581, 614, 545, 582, 615, 513, 614, 511, 545, 583, 612, 514, 612, 515, 543, 582, 615, 613, 614, 616, 615, 618, 617, 639, 582, 614, 615, 617, 509, 615, 614, 615, 614, 614, 615, 614, 614, 622, 607, 544, 582, 616, 617, 611, 614, 614, 615, 622, 606, 615, 614, 546, 583, 612, 619, 610, 614, 602, 628, 615, 612, 614, 615, 614, 615, 615, 614, 614, 614, 615, 615, 614]
RMIAdd = [614, 614, 614, 513, 616, 613, 510, 616, 620, 611, 612, 614, 512, 617, 612, 616, 615, 613, 613, 615, 476, 630, 617, 632, 551, 473, 511, 565, 562, 617, 541, 582, 616, 614, 614, 614, 614, 614, 616, 549, 577, 543, 588, 610, 739, 621, 482, 735, 597, 615, 613, 614, 546, 581, 588, 571, 581, 615, 614, 617, 612, 614, 614, 615, 614, 545, 582, 614, 614, 826, 608, 619, 539, 583, 614, 620, 506, 615, 511, 615, 550, 577, 614, 614, 615, 543, 513, 582, 512, 511, 470, 560, 609, 505, 654, 582, 615, 511, 514, 511]
RMIGet = [470, 472, 469, 636, 615, 615, 613, 614, 573, 555, 623, 612, 536, 585, 614, 616, 611, 615, 613, 615, 615, 546, 581, 614, 613, 614, 513, 560, 495, 584, 541, 483, 543, 583, 481, 543, 614, 614, 614, 513, 614, 614, 615, 589, 639, 621, 608, 543, 617, 581, 512, 512, 614, 615, 469, 486, 582, 614, 613, 616, 613, 513, 512, 512, 614, 542, 530, 566, 614, 615, 614, 614, 545, 467, 582, 531, 478, 471, 520, 533, 556, 563, 537, 568, 1028, 1020, 612, 614, 615, 614, 614, 544, 583, 718, 613, 615, 614, 531, 596, 511]
SoapGet = [611, 553, 573, 563, 501, 677, 613, 615, 615, 618, 609, 520, 498, 519, 614, 659, 509, 572, 515, 612, 617, 556, 567, 615, 615, 530, 596, 614, 614, 615, 617, 612, 550, 577, 614, 519, 548, 570, 513, 615, 614, 613, 512, 514, 618, 507, 618, 612, 614, 505, 622, 614, 614, 615, 614, 512, 614, 613, 616, 614, 615, 615, 614, 553, 517, 495, 589, 514, 610, 511, 645, 589, 610, 510, 616, 613, 615, 716, 730, 602, 614, 641, 589, 549, 576, 553, 698, 593, 616, 614, 614, 626, 603, 613, 615, 615, 677, 656, 619, 813]
SoapAdd = [630, 701, 615, 614, 619, 635, 549, 654, 613, 616, 589, 524, 616, 625, 614, 499, 556, 586, 614, 612, 527, 540, 574, 614, 614, 552, 575, 614, 614, 549, 578, 613, 616, 512, 512, 512, 614, 615, 614, 553, 573, 619, 610, 513, 614, 613, 657, 508, 577, 615, 552, 1290, 615, 615, 614, 513, 613, 615, 511, 615, 635, 536, 569, 614, 552, 574, 549, 489, 488, 626, 612, 614, 609, 611, 503, 613, 504, 642, 504, 623, 513, 513, 510, 513, 613, 512, 616, 613, 549, 483, 825, 810, 547, 884, 614, 613, 490, 638, 614, 615]

